3828086787.jpg,6,3,143,44,5
3734516894.jpg,200,246,276,293,10
282628483.jpg,410,246,493,294,19
3963201475.jpg,50,67,456,279,16
2333110366.jpg,15,18,238,160,12
490597155.jpg,4,3,175,167,13
882748860.jpg,123,23,356,249,15
879397507.jpg,49,106,159,162,8
4553341804.jpg,348,67,383,86,11,423,63,457,86,11
3428192889.jpg,19,19,182,74,6
2421560364.jpg,6,20,481,340,15
3373561589.jpg,50,13,339,129,20,248,254,274,268,20
4400566703.jpg,144,282,237,359,2
2729995962.jpg,171,87,366,214,10
2168708196.jpg,4,4,232,62,26
3119389942.jpg,44,2,88,31,25
4425356623.jpg,184,281,319,384,13
4061203190.jpg,181,48,260,103,0
447227594.jpg,113,194,201,262,11
3101502490.jpg,2,2,330,202,20
4570784808.jpg,35,135,132,190,23,145,114,236,193,23,207,10,287,93,23,254,119,354,208,23,304,6,384,89,23
233507685.jpg,36,119,309,243,4
2422219264.jpg,4,62,256,308,22,276,66,476,311,22
2427200136.jpg,187,49,489,203,16
2795207851.jpg,117,164,281,359,18
3039312526.jpg,172,101,285,204,23
2839448306.jpg,226,207,245,216,9
2476100758.jpg,48,130,253,222,4
455162201.jpg,2,1,153,20,5
3218467456.jpg,102,30,234,162,17
4771691508.jpg,316,198,340,228,24,332,308,424,329,24,428,194,492,219,24
3168295809.jpg,97,72,321,201,16
170453766.jpg,43,99,79,132,25,245,233,307,293,25,443,279,454,295,25
3334662226.jpg,18,36,348,470,18
258770610.jpg,17,22,255,195,25,76,33,201,126,25
98498585.jpg,133,72,382,322,18
406184685.jpg,155,88,352,211,6,396,57,493,171,6
50302921.jpg,5,3,146,47,9
109950015.jpg,18,12,480,290,14
87630579.jpg,12,267,172,352,4
2350426312.jpg,3,6,427,342,6
3177582448.jpg,13,5,103,86,17,152,128,241,223,17
3654486044.jpg,6,10,484,181,6
1352999361.jpg,190,171,484,361,12
4752700666.jpg,87,318,185,429,7
788959598.jpg,118,255,260,407,7
2780928833.jpg,61,27,343,135,9
3510604107.jpg,17,17,488,489,11
582467906.jpg,71,24,386,277,12
3734587026.jpg,404,190,454,230,10
2990076322.jpg,40,310,281,361,26,42,187,277,236,26,46,373,286,425,26,48,67,278,112,26,48,249,276,299,26,50,126,285,170,26,54,2,277,49,26
4445560611.jpg,284,173,338,204,24
3270797445.jpg,1,69,461,370,19
4225050520.jpg,5,20,492,258,20
3969698402.jpg,104,56,375,221,11,108,4,373,323,11
4582547170.jpg,16,11,497,196,9
2550056374.jpg,18,2,488,278,0
2716412211.jpg,68,7,295,183,15
18526789.jpg,12,26,352,264,11
193274877.jpg,46,92,168,298,21
2425891764.jpg,6,6,450,498,1
2423655766.jpg,65,16,258,179,25
2646033238.jpg,38,4,486,422,20
3831371619.jpg,92,124,176,232,11,238,123,324,229,11,321,124,405,241,11
3462654085.jpg,143,71,369,244,10
4152379789.jpg,1,253,54,296,25,1,309,62,364,25,2,379,52,440,25,3,202,62,246,25,9,149,66,188,25,17,100,72,142,25,32,64,76,92,25,50,25,78,51,25,53,386,125,436,25,56,309,131,368,25,67,262,129,303,25,74,207,130,249,25,76,375,116,419,25,80,162,131,195,25,83,119,132,141,25,93,5,157,52,25,102,80,135,98,25,105,42,128,62,25,129,388,200,449,25,136,50,198,93,25,138,384,184,426,25,139,174,184,209,25,140,266,193,315,25,142,13,191,55,25,144,220,175,243,25,148,82,176,112,25,148,129,185,153,25,156,325,192,361,25,184,31,238,61,25,193,233,256,281,25,195,57,249,98,25,195,104,235,129,25,200,144,245,173,25,207,191,250,230,25,209,414,255,450,25,210,293,255,334,25,224,351,260,388,25,237,34,288,75,25,244,104,304,147,25,250,71,292,109,25,252,155,307,190,25,267,195,311,232,25,280,45,337,85,25,281,297,318,329,25,288,417,333,467,25,289,358,334,393,25,293,86,353,122,25,306,119,358,161,25,311,161,360,196,25,322,207,365,244,25,337,253,364,280,25,342,303,371,338,25
51660552.jpg,149,253,207,270,5,263,159,450,252,5
3373563795.jpg,161,265,210,295,20
2989750063.jpg,2,5,145,52,5
4448830339.jpg,209,6,238,19,4
4721737396.jpg,170,50,257,104,12
4185986382.jpg,1,91,226,364,25
4429895221.jpg,4,2,195,65,20
4080113868.jpg,17,14,296,117,9
3577850173.jpg,16,243,64,276,3,17,57,66,107,3,24,147,62,181,3,98,141,154,187,3,102,228,156,278,3,113,62,144,88,3,193,234,234,272,3,196,61,231,98,3,203,153,227,171,3,274,48,323,94,3,274,142,323,188,3,284,246,317,276,3,358,247,368,259,3,365,54,406,96,3,451,241,488,269,3,452,63,486,95,3
3906524725.jpg,177,228,295,339,23
4743157495.jpg,9,168,187,309,3
3231989873.jpg,31,52,205,196,25
2887641700.jpg,72,266,95,291,13,205,217,240,253,13
2460201219.jpg,69,33,451,360,15
2898435362.jpg,3,5,269,100,9
3654131280.jpg,7,3,179,54,24
3294282629.jpg,126,252,207,311,0,127,324,206,381,0,129,109,206,162,0,132,176,206,234,0,212,111,287,165,0,213,180,288,236,0,213,253,290,312,0,213,327,287,382,0,294,109,373,167,0,294,327,372,383,0,295,252,372,311,0,296,179,370,234,0
4233825758.jpg,73,44,462,403,3
2790511610.jpg,123,71,354,277,2
2846084211.jpg,143,69,201,117,3
3534174626.jpg,252,175,282,193,3
4621621793.jpg,299,66,344,77,24
7787186.jpg,67,16,440,275,0
4537956983.jpg,155,14,278,158,18
28271069.jpg,217,125,290,199,6
3988463526.jpg,127,187,311,284,20
2865521932.jpg,25,30,411,231,14
4653393540.jpg,11,11,486,478,17
4006894378.jpg,20,52,243,155,6
3579477706.jpg,4,91,469,337,14
3256349355.jpg,104,78,345,232,3,151,100,375,284,3
2427198460.jpg,21,134,102,228,16,223,110,293,178,16,351,44,482,184,16
3283915433.jpg,132,155,370,346,10
4764653103.jpg,144,147,178,163,5,255,121,336,178,5
2201490255.jpg,65,70,347,426,7
3765988249.jpg,33,239,136,266,5
2317967173.jpg,2,7,61,46,10
2149071419.jpg,111,82,327,251,21
4427242482.jpg,6,84,305,206,4
4211723698.jpg,14,112,120,351,1
4449281604.jpg,80,30,395,329,3
3422008846.jpg,17,12,481,101,5
2472817996.jpg,2,4,499,106,26
4426526983.jpg,128,3,387,313,18
3907306056.jpg,200,192,287,276,23
3325271357.jpg,18,67,475,215,6
3223329020.jpg,21,28,211,102,20,271,30,458,104,20
43671206.jpg,89,146,223,323,7
2518709496.jpg,3,42,380,334,15
1402065041.jpg,205,182,330,292,18
399293334.jpg,38,4,164,126,3
3154099645.jpg,91,98,198,197,17,249,100,355,227,17
4367483371.jpg,44,11,441,392,23
3065654531.jpg,84,134,252,366,1
2553832700.jpg,4,5,499,352,0
4757315595.jpg,71,205,147,271,13,228,153,265,185,13
3776295441.jpg,45,171,107,230,23
3165552688.jpg,159,164,239,211,19
4283515483.jpg,147,60,227,104,24,162,131,205,160,24,204,119,229,156,24,311,55,344,87,24,315,112,347,154,24,352,8,496,72,24,354,100,496,172,24,356,220,495,296,24
4506432358.jpg,102,2,200,116,18
4150061002.jpg,6,5,322,117,6
335747955.jpg,36,134,147,200,10,50,142,118,196,10
4365790620.jpg,71,25,437,291,13
2650497443.jpg,60,145,126,201,17,382,137,435,197,17
108232417.jpg,109,84,414,219,14
4623943974.jpg,151,5,385,96,11
4537970631.jpg,91,18,205,156,18
2795236586.jpg,183,131,312,262,1
3116688672.jpg,0,0,115,115,15
3491687556.jpg,5,4,493,104,5
3960429630.jpg,249,134,305,217,11,305,126,376,212,11
1354674694.jpg,11,16,110,76,4
321721915.jpg,56,278,310,336,5
2777121253.jpg,7,12,199,68,9
2445745857.jpg,48,88,201,165,3
3667849173.jpg,0,0,200,200,15
2618900486.jpg,47,239,122,311,21,118,251,261,400,21,292,231,371,333,21
3300554626.jpg,106,9,385,328,7
239985057.jpg,2,150,105,242,13
1111800334.jpg,380,53,426,114,23
320988997.jpg,389,71,472,124,24
2767698530.jpg,73,18,221,141,25
2228221904.jpg,52,83,410,232,8
4435973547.jpg,1,1,313,325,2
4129431162.jpg,110,44,396,310,3
3271369237.jpg,179,182,296,284,25
3514397412.jpg,8,7,496,303,8
3907306684.jpg,112,53,395,305,23
3907298910.jpg,160,148,261,250,23
3320880343.jpg,154,176,284,246,14
3161927635.jpg,123,139,151,169,17,205,131,242,172,17,343,131,373,168,17
4213622833.jpg,255,341,279,371,21
3259516433.jpg,25,12,195,216,3,31,20,185,170,3,215,14,479,220,3,268,30,435,172,3
4451970390.jpg,14,77,491,294,4
3250788579.jpg,6,7,336,336,10
332913436.jpg,84,194,174,236,4
2368653535.jpg,48,5,358,193,15
4079945682.jpg,204,171,288,250,23
3330276462.jpg,8,2,89,63,12
470289641.jpg,133,108,188,162,1,145,357,195,411,1
320988995.jpg,203,201,266,228,24,380,138,438,172,24
4027042513.jpg,149,199,250,247,21
3016882365.jpg,56,128,239,338,7
339019736.jpg,279,276,307,293,6
229840376.jpg,102,171,145,215,22,146,158,194,208,22,195,151,249,199,22
4210274024.jpg,143,13,384,224,1
51660551.jpg,286,263,444,317,5
4250525590.jpg,7,3,492,104,5
1358914296.jpg,191,153,401,253,20
2774437111.jpg,59,17,353,123,9
2680574577.jpg,1,12,495,293,6
2760763703.jpg,104,44,109,50,19
2407784266.jpg,32,29,467,319,12
3244264597.jpg,83,51,417,311,11
4199842585.jpg,131,29,358,268,3
3586306186.jpg,33,34,229,229,17
4737345823.jpg,26,52,458,213,6
2175812747.jpg,86,114,275,260,23
3207823105.jpg,104,144,269,313,17
4758382348.jpg,9,23,473,430,7
236248972.jpg,205,118,292,231,1
704793401.jpg,12,50,355,455,21
2329810624.jpg,13,5,486,113,5
4122049731.jpg,52,3,116,41,25
3324939734.jpg,1,26,147,113,8,3,123,144,220,8,133,107,319,263,8,149,30,304,120,8,301,165,498,249,8,307,100,498,167,8
3655901349.jpg,118,159,168,198,10
3624592154.jpg,65,90,177,147,16
3777915073.jpg,39,151,109,224,6,296,234,385,265,6
2874574766.jpg,106,20,496,364,2
2609822722.jpg,330,207,402,262,16
4353886132.jpg,137,16,345,99,9
4200918689.jpg,2,3,492,159,4
2180293872.jpg,11,30,477,122,5
2583801040.jpg,85,10,472,296,1
4376175015.jpg,5,161,112,217,16,7,56,111,102,16,8,294,111,334,16,112,40,237,97,16,122,144,235,221,16,258,205,318,229,16,353,27,475,89,16,381,215,472,262,16
3429181479.jpg,112,211,270,372,18
2786523391.jpg,54,8,343,105,9
2616906744.jpg,380,26,399,48,13
4006128651.jpg,8,4,226,187,13
4559760305.jpg,313,15,486,180,2
3204050952.jpg,118,105,365,275,10
3335592732.jpg,7,2,237,177,24
3981421654.jpg,216,37,279,78,3
3496862594.jpg,424,212,476,257,10
4576205927.jpg,33,103,171,243,22,179,102,313,242,22,321,100,459,236,22
3669539019.jpg,11,25,320,123,6
4177800765.jpg,1,4,40,26,25
3274818430.jpg,201,42,277,103,13
4257763673.jpg,233,100,281,136,19
2762358474.jpg,15,13,309,92,9
4211723460.jpg,130,208,187,273,1
2423654138.jpg,47,19,265,181,25
2531530868.jpg,37,139,360,285,16
744776649.jpg,24,87,355,272,8
1690276845.jpg,181,113,323,271,18
4346890164.jpg,201,27,394,166,24
4702500410.jpg,6,14,496,342,15
542894584.jpg,125,307,171,335,4,126,190,172,217,4,128,133,178,159,4,128,249,171,275,4,231,248,278,278,4,232,131,280,160,4,235,193,282,217,4
3370538988.jpg,64,119,351,150,5
3888553492.jpg,249,43,473,231,19
3118428220.jpg,15,249,129,359,17,157,42,297,172,17,386,238,466,312,17
2792685284.jpg,104,6,345,60,26
2350505168.jpg,84,130,121,154,5
2727066466.jpg,2,75,345,184,26
1359885883.jpg,111,32,448,271,15
1408921955.jpg,44,117,460,304,14
4641707954.jpg,80,20,329,98,6
3171215617.jpg,94,5,323,275,4,329,2,466,275,4
2132909220.jpg,4,6,199,77,9
386891274.jpg,151,10,308,45,26
3531294484.jpg,20,53,227,229,21
360966316.jpg,14,46,352,462,18
2070616132.jpg,81,6,360,270,2
50471578.jpg,1,2,221,39,26
115519078.jpg,26,48,444,150,5
3732387125.jpg,415,87,430,105,0
390321909.jpg,13,5,89,60,0
2457001875.jpg,24,200,116,296,19,29,40,129,130,19,108,192,196,264,19,169,80,196,118,19,197,192,275,266,19,200,82,222,117,19,238,223,283,262,19,252,65,359,144,19,266,213,358,303,19
3343182248.jpg,69,11,429,356,2
4493513795.jpg,130,114,350,201,9
213783134.jpg,202,124,394,199,6
4525736729.jpg,43,202,151,276,20
3350050876.jpg,2,172,496,325,8
3091292844.jpg,20,88,135,180,13,165,270,260,349,13
2677577557.jpg,176,95,340,218,13
3382280605.jpg,30,12,454,475,3
3361771335.jpg,13,54,27,64,16
4049367740.jpg,276,152,334,193,21
4316401444.jpg,84,94,187,164,5
4479087754.jpg,114,110,174,187,10,153,170,199,216,10
202435355.jpg,56,69,410,241,14
3531689273.jpg,293,123,410,214,25
4283515433.jpg,26,215,64,230,24,85,170,123,182,24,113,208,120,217,24
170557401.jpg,2,150,494,228,11,119,294,171,312,11,242,301,293,317,11
4261671591.jpg,264,26,341,102,11
246526320.jpg,220,121,255,157,4
2962045.jpg,207,57,385,210,4
3792061769.jpg,62,24,426,486,7
3190306185.jpg,321,257,373,299,1
2530090035.jpg,0,0,270,269,15
3046979862.jpg,4,117,465,273,6
427099501.jpg,39,66,470,260,14
4120098544.jpg,4,83,492,248,26
3321350350.jpg,118,56,466,298,8
3496048941.jpg,415,195,458,239,10
4373836086.jpg,120,151,234,261,11
4013254976.jpg,2,8,98,87,11
3284636128.jpg,406,106,450,125,14
82413169.jpg,31,5,228,47,26
3858957735.jpg,202,85,327,185,13
3836904950.jpg,8,128,389,311,16
3405883135.jpg,105,211,401,339,14
4191201241.jpg,3,71,448,327,22
272645705.jpg,33,129,485,295,9
3947084971.jpg,8,4,480,117,24
1412494805.jpg,45,281,175,323,5,299,158,335,219,5
255740214.jpg,17,104,474,281,8
351548830.jpg,7,19,466,317,16
436255718.jpg,87,132,199,177,5
2463217235.jpg,275,127,431,200,8
4043571759.jpg,325,90,348,115,16
2675240640.jpg,241,168,269,191,10
43608011.jpg,18,13,110,56,14
4602079969.jpg,23,30,338,417,11
2073826793.jpg,151,11,392,206,13
3800082210.jpg,1,4,406,451,11
4763209871.jpg,88,66,139,95,0,105,275,132,293,0,185,67,230,95,0,197,278,227,295,0,276,288,322,315,0,285,62,315,80,0,365,284,406,312,0,373,61,410,80,0
1263617360.jpg,3,5,69,56,10
335747797.jpg,301,219,353,257,10
2867420595.jpg,5,6,277,74,24
224886291.jpg,35,103,463,267,8
2356560497.jpg,87,1,394,329,21
2766852637.jpg,64,28,248,140,25
4146264467.jpg,236,17,444,185,19
2844210941.jpg,59,73,101,174,17,145,123,262,266,17
212161092.jpg,8,47,491,271,20
4109425486.jpg,48,222,440,353,20
4223850527.jpg,67,17,447,325,23
1888260223.jpg,421,251,476,300,25
4563793158.jpg,29,144,95,173,20,190,145,253,170,20,345,145,403,174,20
3541292073.jpg,217,92,271,136,0
557839607.jpg,132,96,214,188,15
1358914336.jpg,62,244,96,323,20,189,117,241,137,20
354643240.jpg,36,29,265,237,1
2789662807.jpg,33,10,114,74,2
3818214962.jpg,150,77,357,262,23
4416492947.jpg,21,38,145,106,16,163,41,292,106,16,316,41,441,106,16
362855616.jpg,115,206,306,274,6
3002642406.jpg,97,109,267,256,17
144503924.jpg,38,12,234,142,0
4219499614.jpg,44,125,407,285,8
4599548273.jpg,1,2,131,38,5
4310191138.jpg,150,189,219,215,24,376,171,422,191,24
4371354206.jpg,343,127,357,154,24,346,168,412,201,24
2654519236.jpg,129,44,365,230,26
2578628547.jpg,239,3,489,215,19
2439319086.jpg,88,198,336,441,22
3528942547.jpg,57,57,109,102,17,329,54,371,98,17
2274089022.jpg,178,47,313,244,1
2921061781.jpg,5,381,83,447,12,8,4,89,59,12,10,126,86,186,12,11,255,84,314,12,103,8,190,60,12,112,255,189,318,12,202,260,299,317,12,309,259,393,316,12
3652933741.jpg,109,64,393,325,1
89201664.jpg,10,2,492,318,13
108232382.jpg,75,29,426,305,3
332368134.jpg,279,217,496,369,25,297,229,493,368,25,298,226,494,360,25,308,223,494,368,25,360,223,447,324,25
4162347545.jpg,57,180,302,263,4
3088829946.jpg,9,66,138,128,17,12,68,66,125,17,25,198,144,252,17,32,200,82,251,17,44,313,155,357,17,77,4,136,59,17,90,133,214,192,17,95,137,143,188,17,100,258,215,303,17,184,71,223,118,17,189,315,229,350,17,193,196,228,241,17,228,64,248,126,17,235,193,250,245,17
3117510822.jpg,2,339,38,368,17,6,16,71,92,17,11,111,75,176,17,16,195,88,256,17,23,262,92,328,17,78,345,121,370,17,174,348,206,374,17,257,353,285,370,17,288,282,356,334,17,340,349,373,372,17,342,198,410,267,17,346,17,425,90,17,351,108,425,185,17,423,344,454,373,17
1381841108.jpg,136,100,294,161,14
427097328.jpg,128,122,358,215,14
355018646.jpg,66,24,310,161,16
3189955469.jpg,79,162,134,220,17,81,235,139,285,17,91,297,145,347,17,107,37,165,82,17,112,2,158,26,17,117,90,161,135,17,356,82,419,135,17,366,290,426,342,17,368,219,430,281,17,371,350,420,384,17,372,147,435,214,17
4724828428.jpg,336,149,403,231,15
51660550.jpg,370,185,497,231,5
3005794070.jpg,233,9,474,242,0
153237185.jpg,73,211,207,300,12
2548848227.jpg,201,173,377,230,6
4330810490.jpg,134,209,201,265,21,250,230,329,292,21
2111299790.jpg,247,136,348,212,12
3678571616.jpg,62,32,93,57,19
3752341982.jpg,65,260,447,418,16
3728967967.jpg,147,106,385,291,15
3164722529.jpg,212,64,275,102,19
3107573789.jpg,2,134,247,190,26
2725852441.jpg,182,350,238,394,21
3950663671.jpg,175,24,240,41,26
3386936621.jpg,90,25,257,191,3
2406598998.jpg,59,183,372,458,19
391805226.jpg,94,159,174,275,4
3539566827.jpg,51,18,76,43,21,60,46,144,93,21,60,141,146,187,21,63,97,145,136,21,83,187,170,239,21,101,246,192,301,21,128,315,217,368,21,262,148,300,179,21,263,197,299,234,21,264,300,306,335,21,268,255,300,283,21,308,244,345,275,21,311,195,339,226,21,315,149,343,177,21,353,147,383,175,21,353,194,381,222,21,356,241,383,270,21,360,48,388,76,21,360,97,390,129,21,389,232,418,259,21,390,187,420,217,21,394,99,421,124,21,401,55,423,79,21,409,144,419,174,21
3101679471.jpg,20,146,445,304,9
3153222474.jpg,13,79,58,122,23,125,331,153,364,23,147,8,198,67,23
3665300694.jpg,183,126,342,216,2
3308750600.jpg,10,153,159,266,0
4598657721.jpg,56,45,408,339,18
13455389.jpg,465,115,492,134,10
4701866293.jpg,260,135,471,304,15
4583055527.jpg,135,64,388,153,9,138,173,271,224,9
2794725337.jpg,153,29,286,122,15
208158931.jpg,10,17,487,317,15
4219499546.jpg,105,225,320,315,8
2656155309.jpg,0,0,116,116,15
4023480867.jpg,19,232,345,405,4
4731055503.jpg,62,24,114,51,16
3880700257.jpg,9,362,60,394,17,9,403,53,437,17,11,476,62,497,17,13,440,51,465,17,15,259,54,289,17
4771736332.jpg,211,176,221,197,24,404,310,423,321,24
3513049256.jpg,179,65,304,206,1
3570522135.jpg,103,60,408,243,15
4290942909.jpg,415,2,480,70,23
3958261033.jpg,18,6,476,163,9
3321350768.jpg,26,75,481,268,8
3820383802.jpg,20,3,136,102,24
3739623921.jpg,43,4,438,398,2
4405304896.jpg,246,171,348,302,11,361,161,464,292,11
2568847460.jpg,88,87,293,296,22,349,141,490,258,22
3496048421.jpg,248,104,290,142,10
2920077270.jpg,312,129,340,162,23
1107796028.jpg,111,250,262,372,3
185712356.jpg,63,78,456,373,2
3544071352.jpg,92,205,188,280,21
3948869874.jpg,185,200,300,254,16
260863506.jpg,226,145,272,188,13
2196352484.jpg,166,3,445,200,22
320803742.jpg,105,112,437,333,12
2224243813.jpg,29,13,486,306,14
96668817.jpg,36,2,86,28,19
194328418.jpg,90,3,181,45,4
4698952282.jpg,30,21,197,231,2
4316555119.jpg,125,98,437,206,16
4218732095.jpg,113,142,484,278,8
4559666515.jpg,171,170,256,209,20,352,176,439,225,20
3408406007.jpg,22,21,55,31,25,65,20,102,34,25,110,21,122,37,25,162,18,209,39,25,214,13,269,33,25,273,13,340,40,25,391,17,451,39,25,469,21,483,36,25
3907307172.jpg,121,62,393,314,23
2584787090.jpg,1,3,495,179,16
2318775604.jpg,0,0,127,51,12
397194032.jpg,217,8,320,74,19
2868736304.jpg,10,17,282,197,12
4169127109.jpg,13,48,160,173,11,41,168,127,226,11
386891249.jpg,156,10,310,49,26
452091543.jpg,90,94,170,176,18
4346142355.jpg,21,94,75,129,24,250,18,292,44,24
3023420658.jpg,171,115,298,237,1
4458514217.jpg,82,32,259,288,11
2983583413.jpg,39,23,193,162,17,274,30,419,162,17
428085258.jpg,42,116,457,270,9
2514607078.jpg,120,95,375,211,8,388,256,479,301,8
4788413611.jpg,197,84,240,118,8
4486111617.jpg,133,64,333,126,21,133,156,322,242,21,164,274,312,320,21,205,5,254,34,21,405,37,437,83,21,450,287,496,337,21
2766150734.jpg,77,28,367,121,9
79556016.jpg,3,3,103,71,12
2348900650.jpg,4,27,496,302,6
3621549337.jpg,120,56,383,301,2
281143123.jpg,85,44,370,326,22
4600427219.jpg,334,162,378,193,12
2121332821.jpg,223,53,456,299,3
444595750.jpg,135,30,371,276,15
165133120.jpg,10,31,428,495,7
3202360116.jpg,63,104,119,164,17,176,23,233,94,17
3153892834.jpg,153,178,433,409,18
1391981336.jpg,95,22,431,344,22
2562313655.jpg,30,116,169,262,22,176,117,317,257,22,323,116,476,261,22
50082240.jpg,287,76,334,133,25,431,81,487,133,25
4763847308.jpg,35,3,97,45,0,49,286,90,309,0,158,7,219,46,0,169,287,213,316,0,282,296,339,337,0,286,5,324,31,0,393,295,450,335,0,407,2,446,34,0
3675228207.jpg,0,0,500,340,12
3239862307.jpg,5,4,388,389,22
4061675184.jpg,274,132,326,186,0
372180408.jpg,102,23,389,362,17
498161252.jpg,9,11,496,325,19
4319198593.jpg,64,39,380,277,23
2416565238.jpg,5,1,496,328,22
2978106177.jpg,44,40,396,336,2
3979038472.jpg,215,317,316,372,7
2698169582.jpg,87,268,106,279,23,145,267,155,279,23
4064818171.jpg,54,6,469,277,14
2681480174.jpg,58,15,289,231,13
4061203382.jpg,155,206,241,252,0
231655451.jpg,162,20,409,205,19
3905787011.jpg,6,3,183,44,26
2993064866.jpg,102,49,343,275,22
3089967648.jpg,156,180,366,357,2
3164722903.jpg,364,59,462,138,19
2674622648.jpg,169,159,330,280,3
2080839955.jpg,56,126,363,367,3
4408640253.jpg,41,65,87,95,24,100,56,182,97,24
3585256422.jpg,411,127,458,158,20
2413159667.jpg,167,13,322,159,12
3369768399.jpg,111,220,227,369,3
3933416555.jpg,201,104,260,155,13
3972897298.jpg,117,10,179,27,26
2938879364.jpg,82,127,392,264,8
4443388098.jpg,57,66,435,220,14
3726202356.jpg,135,124,321,299,2
3119389772.jpg,52,3,80,24,25
132888485.jpg,4,1,494,496,4
2974365916.jpg,2,103,23,192,22,51,85,180,227,22,266,81,318,190,22,351,86,385,158,22
4369857005.jpg,1,211,115,402,21
390297596.jpg,5,7,227,59,26
4254091188.jpg,15,152,479,353,14
3563528611.jpg,46,8,433,321,18
3895511729.jpg,203,36,496,305,19
3907299992.jpg,201,169,299,255,23
310764290.jpg,5,9,493,320,20,9,80,490,248,20
3834509832.jpg,135,157,166,188,25
451265524.jpg,195,179,244,215,0
4253102363.jpg,28,86,438,389,3,82,99,401,311,3
3571544780.jpg,72,17,442,372,7
2940596257.jpg,66,99,425,291,4
779749903.jpg,57,26,461,365,15
145074777.jpg,22,52,471,326,0
3456463952.jpg,42,39,315,469,2
2219451836.jpg,7,5,472,477,21
456474304.jpg,116,5,425,348,7
4669468410.jpg,6,1,486,99,5
159166596.jpg,146,136,289,177,5
3707178119.jpg,9,73,49,100,25
4208076672.jpg,5,4,296,361,18
3992886999.jpg,80,194,170,243,26
3270957373.jpg,2,3,398,495,24
2270013615.jpg,335,80,489,256,1
2891341625.jpg,39,71,355,210,16
3490411517.jpg,4,52,489,218,24
3473801010.jpg,106,87,394,318,13
4002343429.jpg,179,74,363,248,14
3953073564.jpg,2,4,302,103,4,173,131,497,231,4
516366872.jpg,79,31,346,191,12
3778060828.jpg,7,10,303,303,22
4453898896.jpg,20,45,84,89,10
2403699729.jpg,27,5,342,244,0
3455836079.jpg,101,195,216,304,7
3218275786.jpg,92,2,304,298,2
3767119813.jpg,189,53,209,82,12,204,140,245,166,12
413894023.jpg,80,85,371,271,12
2435838064.jpg,6,6,320,345,4
2656406197.jpg,41,299,62,322,25,111,9,185,80,25
3705989051.jpg,30,3,98,51,25
4370721779.jpg,24,2,301,284,3
3496863144.jpg,120,212,154,234,10
2652633857.jpg,0,0,450,300,12
3786440680.jpg,211,353,320,465,11
3729765088.jpg,402,183,446,221,13
3766774652.jpg,86,41,400,254,1
1224628248.jpg,140,36,414,327,7
2926640633.jpg,280,276,343,342,23
389081363.jpg,68,16,288,315,22,362,98,482,338,22
3733440395.jpg,12,127,74,196,1,41,62,143,162,1,80,5,206,106,1,186,155,227,200,1,225,155,252,184,1,227,248,262,278,1,229,201,262,234,1,247,227,270,254,1,252,191,275,213,1,253,301,280,323,1,276,290,292,304,1,283,269,302,284,1,284,10,316,45,1,287,307,314,325,1,297,291,312,309,1,304,277,321,292,1,309,297,326,312,1,325,240,346,264,1,329,299,351,319,1,334,65,361,99,1,350,232,379,256,1,356,58,389,80,1,371,280,396,308,1,395,291,423,313,1,406,159,419,172,1,438,276,462,317,1
4253420625.jpg,27,32,477,459,2
3201785057.jpg,61,146,142,218,10
442337651.jpg,178,60,324,193,1
3850753534.jpg,122,199,211,261,21
3099884211.jpg,132,99,349,269,3
3904333688.jpg,6,4,481,181,9
3951357997.jpg,21,2,491,180,20
1230939811.jpg,129,326,257,423,0,137,336,243,395,0
3369741917.jpg,41,135,448,400,2
3320878793.jpg,203,231,354,294,14
4690656866.jpg,49,242,145,276,25,222,167,304,211,25
1925162720.jpg,32,19,309,211,12
3193687005.jpg,30,50,415,135,5
3674972656.jpg,227,4,492,210,19
4195591095.jpg,182,13,314,123,15
3785668123.jpg,321,293,460,430,11
2516793607.jpg,307,146,468,208,14
4205812739.jpg,39,39,476,227,15
2176584286.jpg,95,67,378,359,23
2073319900.jpg,119,103,225,192,20
4115509028.jpg,211,207,268,253,7
3190556167.jpg,41,38,352,264,11
2982186650.jpg,4,2,460,495,24
18581717.jpg,2,10,494,336,14
2515731280.jpg,103,94,395,391,23
3872220190.jpg,115,227,155,256,21,161,86,191,118,21
4505787674.jpg,3,20,294,146,14
228153666.jpg,163,89,350,274,22
4449683069.jpg,114,35,359,342,7
388483008.jpg,18,27,436,445,22
2941703909.jpg,24,44,147,171,20,43,172,135,254,20
3520033212.jpg,20,17,316,143,11
40394187.jpg,1,18,76,82,10
2620571508.jpg,4,9,308,240,25,46,18,275,177,25
2767935306.jpg,117,5,350,51,26
4684596669.jpg,48,105,139,122,24
3743856885.jpg,5,186,322,394,12
2838426683.jpg,59,119,250,166,16
3625726534.jpg,59,43,283,266,2
2792076321.jpg,2,130,498,331,5
3206116179.jpg,144,41,365,311,7
2858462390.jpg,32,88,294,344,19
3333221097.jpg,111,99,370,355,2
3007885565.jpg,221,20,476,262,0
3571331128.jpg,86,13,404,299,15
3213763363.jpg,95,78,276,233,17
4387407495.jpg,23,105,319,268,21,339,78,429,197,21
3835918737.jpg,167,12,343,150,13
4185417313.jpg,226,95,403,285,18
4213412628.jpg,170,166,312,337,18
2730165711.jpg,63,51,303,233,20
1833817340.jpg,58,7,467,313,12
2809730445.jpg,119,39,190,109,15
4763207899.jpg,40,9,98,45,0,44,286,84,307,0,161,11,217,48,0,169,290,211,312,0,285,303,337,338,0,287,4,327,30,0,396,298,451,337,0,405,5,446,31,0
4152834821.jpg,4,1,241,131,20
3301525494.jpg,90,30,428,362,18
3415435326.jpg,158,104,331,249,3
3890972492.jpg,358,198,477,263,11
3394794243.jpg,2,3,307,494,7
4018954001.jpg,10,21,362,257,10
2401584750.jpg,107,18,390,335,1
2450743885.jpg,49,13,305,191,0
786529071.jpg,395,94,427,144,11
217288720.jpg,136,161,304,222,26
2587818591.jpg,140,133,206,191,6,239,203,260,221,6
1224626332.jpg,64,74,293,385,7
282208842.jpg,64,113,121,157,19
3237225190.jpg,85,15,474,340,19
4284675151.jpg,270,119,347,156,24
4524715145.jpg,93,397,136,431,19,106,282,131,300,19,210,286,234,303,19
3221088943.jpg,1,3,142,29,26
3745298879.jpg,27,123,456,288,8
3147491623.jpg,133,56,382,227,11
2777758833.jpg,59,10,331,107,9
455131100.jpg,78,83,405,218,14
4472726837.jpg,70,46,437,368,18
3860951501.jpg,210,194,295,250,11
2615405816.jpg,189,212,248,243,20
3892997631.jpg,10,434,92,481,16
145116964.jpg,154,182,246,228,12
2789664089.jpg,74,122,226,243,2,256,93,385,193,2
3846421099.jpg,86,60,413,191,8
2866536247.jpg,26,55,454,413,21
1201452086.jpg,172,213,290,310,8
3311766713.jpg,32,99,484,266,8
2960027434.jpg,11,7,128,130,17,129,5,263,130,17
3786492252.jpg,5,5,88,113,11
3580857943.jpg,96,151,243,262,20,349,159,409,196,20
3103582592.jpg,95,124,180,161,6,359,92,403,118,6
2485974348.jpg,13,107,491,285,8
3230189747.jpg,28,20,334,272,13,58,54,252,229,13
250858537.jpg,2,81,492,302,14
4253115679.jpg,33,169,459,333,8
229746392.jpg,19,166,146,226,16,22,17,299,132,16,177,163,302,228,16
228464385.jpg,157,110,351,297,22
3528741517.jpg,68,20,389,297,14
2421111243.jpg,265,124,399,260,22
2650126854.jpg,194,97,312,241,13
2950778833.jpg,40,37,440,374,3
162002009.jpg,118,110,296,271,13
4621612035.jpg,22,19,294,475,7
2801899525.jpg,66,156,245,303,21
2533950636.jpg,3,16,275,109,9
4750267378.jpg,36,56,341,250,21
4499338915.jpg,72,20,392,210,0
2908611911.jpg,22,3,83,46,25
3602903123.jpg,247,186,287,215,25
4756751062.jpg,179,117,319,255,17
3261774945.jpg,64,20,397,231,1
4434414.jpg,73,35,475,285,25,172,49,357,180,25
4211723816.jpg,110,157,175,229,1
2175802759.jpg,122,50,367,320,23
2514220918.jpg,1,69,342,157,26
3002734592.jpg,75,5,322,63,26
3817452506.jpg,36,4,113,72,25
1251769192.jpg,207,228,411,311,11
4379408143.jpg,299,381,452,478,15
4280085481.jpg,217,153,278,182,8
3270912795.jpg,72,255,143,328,22,94,126,186,185,22,386,49,470,138,22
3682264340.jpg,1,3,108,137,24
2988490694.jpg,122,51,175,107,17,284,51,337,111,17
4181108300.jpg,152,271,170,292,1
42948260.jpg,10,6,184,181,21
4582547214.jpg,11,4,473,173,9
284602830.jpg,109,8,473,272,13
605288903.jpg,395,103,457,138,16
3788581334.jpg,27,4,474,104,5
2783736621.jpg,44,5,374,116,9
1639660678.jpg,263,72,407,262,18
159166594.jpg,204,101,333,162,6
4578493801.jpg,112,283,284,433,7
165691999.jpg,137,67,417,277,8
4759888406.jpg,2,3,275,106,9
281143147.jpg,6,20,223,240,22,245,1,483,238,22
4422086623.jpg,61,60,440,215,8
468087631.jpg,113,154,156,200,10,164,151,205,199,10
